359679209
469698250
388404786
964443629
658499804
39322105
962702862
921197985
618104745
446684215
768298237
177662703
399724832
757792419
921124483
260006798
130148253
897144788
141066773
355316781
668234371
565289159
7354302
282546497
998335315
303878280
960155576
770786186
161321244
978450725
935042794
144494088
330576740
568742619
938663093
756648559
294372242
371199131
325769494
232926243
361585537
748217675
831261837
663961940
430290785
79100184
786209449
340952472
991575001
255171915
9362304
695216737
725854618
117586709
216092751
468862192
142377411
622394042
844834091
646776273
549121423
733116318
156089933
446146907
802708060
70991351
279861884
910829873
966823336
811871340
938511487
8048398
636519142
269997064
217690238
33202695
427797647
190674321
268079512
143038172
334269749
372478359
299285531
734076520
226634514
44408404
130088727
43094902
776162173
187281885
976069793
171753908
486739770
541469490
425555842
284080790
110739099
704928446
915414234
893125626
563237187
269668749
636851777
443323614
876389784
946027610
619524305
511966325
261657321
715472665
59686132
261041672
693911267
492909471
345234539
762438365
376879350
163586118
494178327
369537012
727456664
439929794
643796115
659197738
970184156
133629055
908615906
835443007
15646366
185196874
389139876
955397389
449025643
628508142
977791461
532487372
182339987
33667654
801862284
707408590
863854602
176084554
380394111
621811980
656288989
726019989
29821385
445715687
87032276
417995355
618956463
653006846
855595601
347220530
501966491
358853302
473891700
369661941
314121839
951873299
741741657
2098181
885213124
490743672
518493424
400807659
35156908
695508032
359075659
716429494
996372751
542348269
21793743
754831974
691701329
932482821
122035487
764858579
956634323
875789161
771118311
207128429
340204319
188788832
183745113
427506896
74085033
498132510
955159838
127289957
324218822
182103880
674678444
515240402
935937731
231090714
510548464
521159226
897210698
997904608
827034914
47503192
40206888
379619456
645291650
349873387
715432143
629117347
496944658
43297511
185656064
607803927
403313783
84876042
725262503
196191292
874164706
56776690
407465707
210166017
673408822
541147405
757666180
928672618
376581256
725186309
449037393
218419353
358518453
317520830
915341678
491921753
568114281
839234355
401159353
68057857
171214994
364915337
135623621
835875815
971340160
225092019
299998981
358504602
604748616
263753553
450870056
151388754
760689409
564659140
639689144
789738797
703353259
281115377
260323688
79410109
346296365
115760400
86847954
314672556
390605551
67787070
725978988
479153659
268163737
854382513
914029408
773947061
304900538
854087006
120877237
712157276
92500839
259966844
804666968
846517312
874670894
226360285
616614368
62615192
102408894
668567612
606772228
588123576
666627674
808472737
279867354
668603496
728965158
928861143
249062036
244931015
560329834
876275524
36502773
370296068
851927703
325515903
653665478
864972311
925907769
954187057
634752316
649758477
918943776
797939852
303023566
66752687
963145347
228260418
820154520
110061449
382267650
823964158
512384662
310993368
668975831
377128807
354329753
64608099
176334326
159514863
745318703
157887775
937639772
682068472
948272916
51901354
593057215
218887228
573144941
906243512
46868969
956201572
938542424
252278544
226431043
438680879
451451852
263863408
332904980
440715766
897995580
790397007
31344296
467854903
645859519
339466247
59243013
59877494
63330992
805731944
908740588
810401689
474604643
909012041
270478826
604086840
738800265
660359310
894275904
785380123
463269779
788773198
167880130
805662147
528958223
793879643
246192802
518619525
362923695
948195623
790901696
91727792
826092932
50785911
901672071
177714388
151235115
803646429
43184492
158542602
292764727
511304464
790171421
277838456
129426764
175683752
686049434
235559320
774280133
629836291
361595124
791585367
749994143
142803454
125430713
406751277
221609219
50016232
554722406
850517404
265305905
743829857
340550758
740568051
463961481
330549653
790832698
578697007
456933389
73661724
546684583
820032382
25364821
352142376
111415564
171731923
303744093
977629175
771401188
834196945
976539673
551220075
2978398
926747081
802075482
920872200
913839065
416736603
174195630
339241194
307337274
526782633
584155300
623139470
24678929
699602958
765472420
891353793
127558217
400322676
322955494
67759584
931102309
335336535
768234923
150996170
312821988
57720681
824683296
870943446
329135779
732598031
736371380
494307673
674751131
226565675
517175505
405815243
700639701
795838271
634438484
208994223
99848585
213978759
572138072
387819029
425488938
598933227
74300787
470161953
132760914
285341884
118826981
991780672
286329766
909733887
293786324
779720734
461815439
198616559
571366161
552548431
987376025
437614605
506545569
46659772
925569948
284618789
595412317
510230301
612314325
382781197
822981602
380698846
232348989
299719213
284530882
510420158
885371491
847547396
213612458
645578250
481778177
29305216
972385852
995439826
766596000
731054707
499954006
296016400
749367966
942435411
31483104
274647815
697043013
492251504
720810139
747812283
124467580
157404810
945923071
371148008
497086029
61549770
535430802
544097016
407011053
602264337
805008472
878900107
767307455
716117264
504736434
549935451
118258595
786015711
201305924
596396065
735027646
773291262
160827775
479301817
907218056
306116559
484363689
336314588
166672185
195063949
90387197
920594901
326249625
142541442
943469988
808226526
996813552
272255683
444169876
100865275
191723161
932352388
112859453
910037928
756840824
370207450
97661057
847722183
531606924
294561888
808544898
491635479
937821185
272269360
907337908
693316284
635489918
887664356
398349440
584559953
205074192
152971391
892995990
511596529
18763348
515366635
833782327
246288055
660406406
543455574
322105451
73477678
905854341
874992344
945405582
949754648
655778420
813031911
444624426
838756183
588120920
531182978
787736726
894342899
718043747
206680521
892230453
885198160
68863708
855076328
58338060
12953655
449664830
722188771
156358695
994525716
185223302
965357719
435790054
38074450
392694043
468983979
580614496
271773479
526577461
30537665
579892820
382225982
871530903
124864732
800765991
974520874
47449288
401768229
228050641
799022789
294578423
883286948
945352893
775612662
833325298
894073146
240997963
794571575
807010419
364027770
124955913
695891006
262196338
340923796
613825202
768348946
214230564
864698308
985842622
739349304
833081826
840463967
793910836
71115544
294548966
655935614
373172539
535498719
137920298
975368782
356028579
290653281
719327164
425539742
250794650
948756765
213881355
367665834
286775066
662743211
340651797
900433248
54417238
583464227
25508896
797705759
598689043
595073514
832933751
690674797
859585517
18273673
339882225
875350045
777133163
376881849
778450999
365905245
641863155
956087927
290063988
795406055
872734314
622566824
762207887
299801595
230345083
534459040
109103994
184103505
690630774
462645928
196457472
664312000
800228563
65710252
433713090
858465574
121626014
181060862
957641299
662518984
947685548
462399671
321787182
392723490
574197943
171381274
841119239
970460973
670296612
881452464
154358107
913510365
704361924
821070171
210723395
61126285
627535525
310348971
959573246
903452875
66014587
340564470
903850126
669507836
263090549
722956047
408308572
535393203
862241026
252191646
487502312
844590800
494041101
31508957
544740415
636597245
459597553
261435381
90974857
330179511
703867130
567361656
515033525
186916052
411447252
809175461
652691844
613328884
649065761
385109277
913111578
296645227
991475714
924112409
889959330
257884987
534631722
254929676
373667363
8239318
461131834
736707815
59589018
626227731
736702364
29336159
320631601
793808581
741187394
777076419
681342992
794180138
59319543
520053350
310191795
351563613
516484938
198443968
764974045
929942888
701318095
241820538
501842932
630401275
517216447
997363207
439945333
384552504
630603811
436254423
514091904
679855146
828437359
855460659
309726470
246237990
448359783
349019156
966536381
275324241
170712364
437059993
986745719
590099413
527654105
284697221
382623564
24000011
315164306
599377612
371586440
661570595
659130788
375590819
151707106
781241670
693486878
906851265
168328128
310392036
982152794
328233970
503271582
978014298
670381485
653848078
10118219
905252082
870899306
682504300
129809356
49459496
967415797
899149553
594353706
394571329
958347270
148942340
641367383
700650487
473657762
243790173
108136580
346348903
436907849
504712031
841348970
848372695
858301600
487187190
39511740
748715729
312526497
627888878
316881473
861958067
336423211
387054283
768641124
219143709
237531212
885976294
751157462
346736701
393670083
186587960
146689206
597632540
620631098
691864131
237568612
942885194
313899103
660355294
418038842
55106463
336031006
282388513
82674131
315455796
224872895
195247427
760934751
644809877
842830413
68669984
949995860
201250737
467394147
530804290
792199404
276691801
761747017
307144811
390648473
987921942
803524204
444369258
16273692
785660437
992528713
953426380
676823956
952239985
161479572
875764711
496397120
96973241
659386536
978163941
114165865
108086140
753724195
884968545
113925747
800740398
341795398
318558756
795821563
915251608
248222163
895884013
278197331
130835310
331642143
886939806
577200482
578098885
15444638
950318962
311261504
66800229
539921324
99949733
506877616
773720949
826523976
737624935
174277750
121356271
670130072
860407496
22400899
459095731
149199454
692799858
551672122
586505251
712738093
569637933
486757154
941818799
321755461
261243704
601082315
760917499
561245130
926103022
777882070
725700260
643614230
704408957
511199495
773450189
666155658
300718552
988487131
52517176
341093559
985692387
140252044
176405737
454815653
584338062
109423696
113790841
530208746
927185240
321670365
289161967
408416922
12276647