39322105
921124483
978450725
786209449
646776273
33202695
762438365
643796115
133629055
449025643
417995355
951873299
691701329
403313783
449037393
491921753
839234355
299998981
263753553
479153659
928861143
954187057
668975831
909012041
738800265
518619525
125430713
171731923
834196945
551220075
335336535
732598031
118826981
595412317
299719213
747812283
602264337
549935451
118258595
306116559
326249625
97661057
491635479
813031911
945352893
807010419
124955913
535498719
356028579
948756765
213881355
340651797
583464227
832933751
690674797
778450999
299801595
230345083
574197943
154358107
913510365
210723395
61126285
31508957
296645227
439945333
436254423
966536381
394571329
700650487
243790173
861958067
691864131
282388513
195247427
201250737
307144811
753724195
884968545
578098885
176405737
113790841
